10 10
9.738129768587239 0.6583502312987899 6.829710658981307 0.8274516370057095 4.285459546115606 4.563112012008233 11.18392699787439 13.786715712762163 17.950119996656568 9.945382319155202 
7.760792399787995 16.723261451155846 1.9504571553787553 6.562735847085063 5.6965142793500885 12.894531080456076 4.816395535426572 7.770607612053642 7.85443537676114 18.49332276777846 
10.103294611865664 11.701979740359036 18.438726854998514 6.889312908867177 3.8043121993695017 8.963961168511258 18.134041958599298 9.5513569394465 16.027312171932095 5.347970199423308 
10.487555958772925 17.938281067787504 3.7093901487150926 9.788499179820402 15.769360604441967 15.196673271204626 8.974116114679356 10.168732507102343 16.691700296387868 11.679947266945485 
1.1936327898852883 2.5595614194599725 4.137081577796984 4.103751737335813 9.89977101878801 13.091829122066244 10.439802750911028 4.578563593003546 0.3953789188716228 15.899914674058046 
12.784998475015554 12.811092438735692 14.249092721214303 5.438044567422047 19.93381398088953 12.441905649835235 12.813811008587061 6.9590118381680615 1.7528570723627546 0.787458678673727 
3.4911567003952992 5.058246311390764 2.9206117538804954 10.180505445196546 15.6712515564265 16.92448444230295 19.70302171291076 8.653634350738482 6.109156370647268 14.301542874034485 
11.834993011832442 17.886467122805392 11.956360409289728 6.153999571199216 10.314079396198114 17.137829222268678 13.747730351740117 12.642866130944988 6.307170938454396 13.309989474629049 
0.3513734759629883 10.2555987927437 6.39050747054551 9.34284669759117 3.220884706670517 7.798104561287791 14.987897154263202 15.81171447431355 8.246492614869005 3.444651991686045 
16.141532392540437 3.9031483894255814 0.08363800330158266 14.15490502338153 13.644336988109096 11.869033366147114 6.0445633817913835 0.5055468578134259 11.08230381445342 11.6099314238813 
