10 10
71.59685739272882 59.85548740719325 47.74717476235324 34.89681500968488 40.50554773594541 61.178660761881 87.4121629422005 106.81894367918675 118.13379732184409 115.70981223641368 
73.32231047027474 80.27601105044928 54.815773848453304 60.88489402188534 40.60667609466536 68.93159087856156 90.02621744421803 122.71756618420056 111.49002182092973 115.39888422902276 
99.19233725189292 90.9607206029156 97.55615975445517 55.47982706924422 82.8440213057724 88.94400169474139 97.3764046353763 77.5712464516082 109.05497731119699 123.05572224281812 
72.09066192021909 93.61203140607229 80.87056207898235 76.98703633352685 71.95586404508084 99.66578268773807 103.78665492827055 107.21868187328185 85.54824346521211 84.6912117013577 
102.81312847918292 93.43776694806287 92.97192752172792 88.14611344419458 110.90591317537313 128.256487325994 104.19190556834242 92.14227158963352 79.90515028866591 89.12932316529658 
33.93435412935823 39.27540591521438 48.79372593234915 60.65226489297929 101.27218347964967 119.32167248074657 108.32204503611747 74.19288446536146 62.69559851561254 81.93099571845288 
105.4366600976873 111.5462263948726 98.59023800558838 106.33459419040472 106.76653406707561 134.76832707814026 119.38698620164944 83.65075925846698 54.63061566894213 47.52314371305667 
40.979548287054556 51.75496757180731 70.35808932086158 75.56258708580596 104.2153907499701 127.1188685271684 126.80324969947591 114.2822968850666 89.81324791847312 89.05920344153861 
110.3099270477465 106.77546013543603 84.37060810381425 78.64303962708496 99.21705335253601 110.95726328581985 113.9172686857955 89.30333634936619 83.26437410430708 91.67287513841598 
74.45161351403274 60.648965035626716 59.3760298803231 65.30721693994846 88.76896721198064 89.67147619862997 95.400345262796 84.43232621946633 75.72683840126906 71.23580704696597 
