291 2256
162 6672
184 5202
227 8718
15 5150
760 1734
607 4511
896 9401
68 7401
151 2288
531 9082
819 8672
701 843
281 7449
683 2482
960 8171
440 7192
392 2342
854 2466
475 4412
367 3358
29 1189
558 4796
558 6847
966 6326
200 8944
593 5518
724 4570
714 7906
151 8473
814 7230
964 7756
63 559
158 8413
250 31
525 175
893 5410
947 9411
3 8924
432 7543
280 5005
846 8252
451 7450
192 3794
563 7432
315 8962
608 4999
730 3415
369 7594
764 42
37 2047
372 9977
395 7871
130 4196
758 9795
482 9908
614 3392
915 8951
790 625
159 2636
827 2353
530 8295
24 5553
576 6674
205 3660
910 7665
17 6260
342 2096
468 4072
484 4251
457 565
679 7721
290 9318
764 2422
257 889
301 6444
523 719
649 5470
222 3440
814 6544
549 2265
810 5510
599 835
55 5511
531 3073
397 9149
773 8262
330 92
847 1952
946 1949
361 5397
396 2983
178 648
321 9320
765 3832
121 7861
604 326
651 9020
94 9008
16 3042
