203 266
601 5297
79 3726
577 971
302 4443
346 6732
432 8625
899 2600
694 4340
145 7038
583 255
901 6285
117 5138
839 7331
328 1050
207 3380
615 3468
922 7283
471 8510
956 2080
526 8737
346 6910
782 8366
379 9264
68 6556
455 2447
865 1323
166 4522
627 7601
931 7707
185 8959
46 3618
950 2639
575 1312
945 4780
890 3890
946 2333
943 5112
686 7167
330 4625
713 8798
234 4885
929 912
364 5487
427 3471
812 212
231 6961
599 7060
707 3798
46 6956
110 1677
312 7174
616 5730
354 4430
323 2568
547 7377
522 5199
240 4084
393 7074
248 6366
614 8209
420 4963
484 934
777 9519
434 9861
921 2747
994 6788
338 1166
170 5973
226 6995
131 4541
455 1395
374 626
328 3391
615 7589
690 5709
569 25
584 9676
495 224
568 2213
353 7825
777 944
451 8503
904 2448
225 6537
821 3548
381 9041
125 6203
192 2940
475 8619
682 9725
331 4350
74 3358
77 9186
542 1844
535 972
757 5201
83 96
424 3791
507 6432
