251 9645
443 2378
8 1383
505 7915
5 426
993 9576
89 3976
266 2139
982 3326
264 6036
931 6465
719 6753
615 5315
957 5049
650 4754
128 9093
746 4990
122 3707
775 7844
812 8873
29 6587
405 9482
475 2858
275 2472
353 1829
460 2191
515 6114
321 3178
70 5148
757 9692
406 4771
166 4732
216 4878
745 5342
463 1151
491 7258
568 2433
329 2604
546 4144
870 8183
867 692
207 9654
437 908
571 961
624 9155
903 3160
822 4082
569 4767
803 4738
701 4406
931 6923
577 36
426 6014
953 5856
71 4284
886 27
562 3665
368 829
533 3025
146 2394
547 6077
661 6241
203 1265
251 2529
713 1581
101 5032
722 430
702 7402
811 3257
393 2650
641 4851
745 7704
931 6864
800 1927
24 3926
458 9866
545 2221
873 7946
560 9509
723 3654
794 5396
85 344
906 7786
435 5296
520 1363
639 2671
125 6889
376 2418
821 8451
991 3001
506 3471
918 2755
981 5191
239 152
371 6706
444 4307
420 6970
590 5113
181 8517
455 1946
