5 7984
121 5455
281 6350
10 6881
904 4149
724 5313
728 4588
773 9980
626 4682
41 586
821 6322
631 8360
838 3789
388 114
818 179
663 5257
683 9365
140 4966
560 7721
827 9915
398 1299
845 2194
57 749
383 1877
205 707
324 3449
939 2829
542 6119
475 1978
807 6376
719 261
101 4381
524 3319
275 1400
126 2041
625 5307
541 7699
261 1979
695 6694
403 8352
600 5395
139 8092
618 2406
11 9109
248 2050
682 4481
273 3914
970 1917
402 5881
983 6314
90 2959
140 1364
914 9241
442 3568
785 5004
172 6610
465 4349
638 7433
882 3120
570 6087
258 7691
381 7840
272 4390
859 8206
76 1873
142 8239
69 8658
240 5900
888 601
942 8982
501 2994
978 7151
291 2519
894 9810
811 7679
423 5009
860 6503
543 777
370 5451
415 6436
799 3682
500 1162
453 1059
917 2101
25 9191
200 1360
910 1101
204 6474
7 467
642 3117
705 4552
808 4214
290 2796
693 8864
944 9360
150 1250
196 7711
792 1713
891 7768
256 3379
