650 9238
768 3253
738 9392
721 8479
124 489
465 4409
489 4296
472 2801
678 8056
361 272
431 3571
871 7829
883 2489
528 5248
375 3965
634 2637
680 6124
452 970
588 3995
438 7015
994 9021
467 5018
785 5854
318 75
914 5534
580 7075
503 6557
505 6348
745 8703
672 8868
932 7549
786 5940
947 1224
726 7527
187 3754
554 4986
394 7219
726 3969
776 4269
758 1010
943 4265
188 3719
190 9573
457 9944
814 9823
590 7251
886 3013
68 9149
753 6840
29 4560
855 6703
861 6690
77 6936
729 1014
156 4665
751 1116
798 5029
37 19
415 1882
501 2751
36 1974
758 4038
901 8474
293 3044
144 3655
957 5518
938 7301
194 4275
399 2067
469 4383
786 8984
873 3113
452 9448
713 172
645 6482
429 7939
515 2838
145 2173
718 5844
673 1105
349 2383
499 7387
343 1969
426 3971
690 6568
461 9343
453 8542
354 6063
483 3398
188 5654
706 6914
909 2264
898 8322
279 3263
371 3671
425 568
586 4741
798 2890
890 2102
416 5142
